ยง47023207915881127268
15221764024805030236
58596628511475829884
22319295894967751202
86818134784179093068
12331350580944239068
19050787314846267760
17309242197204233982
15030057367321292826
86500914843951720105
16449179348206940161
76431507919924435649
98693841465560050249
09143883540294717538
62450458068620875518
96306515055333886836
27449147294047232810
43183462103872626206
52744288410159382578
70636948540619344145
23537811363749646301
71458960873425708823
44876009468458325284
85732355181056154551
19983579310104842126
52878004433136138197
62841175295473801863
29517578980013725957
07181874472506018960
93617785044477225054
53106003699561451985
21991355688546561271
91368474202800550806
15017141434890007053
27971798669593004046
03285885702969462245
87275756793583142317
77723443526203361774
76875229798412183560
99617398950834921294
56832617137889018976
59553602545923561513
14979535624257587173
82301189125616873827
35668030911737477361
70829084936769501274
92857676088288029611
40435405939884874278
33432760602496246497
93445336593917804876
54357431971141659884
26283246848294837366
16806794406366983492
83070309377932278957
52998958427024907191
04193103505280530546
19067724825588258247
97409847939013552681
50242153372657393503
91461508741212420713
31509456502398563532
81972284448846949721
06266239790605429752
87706251403869491315
06888363224689913949
34709372411802057024
93714626367679912725
70535401343752908753
12711729694797976433
98533432910368605360
56770129989588318904
43995663698221160939
72767425906539841318
78324035299102994366
72579641849216485328
12926411093685263430
48155732442929266834
62747522249891427386
54830995907589194125
05244278505922114439
81453469351116184870
02724516200765883958
48774400712310465906
63700053230615464749
80061358211804357503
24548171023726738736
86254222730415548041
94913644264709720676
86944678169234433159
62165458459476873398
78464220447481397594
01971563962327588201
47330221206603806668
76891436373820094106
04411467092615658939
65748300361503704052
71728186274899084085
10901385704642548325
64177451108469625183
00661869408611330184
34538045374905637306
46915196161611156836
17672955266704506414
60297783976221924499
52382892001582465550
01299411967667129425
63930627411035402893
11002776075487647476
48788964322637473818
33230852529818366284
67323996196670548293
03763221102233651121
54462057279167911291
39911089618142210281
00696213839701669277
31097076236686123232
98834530676126061821
56078383397017130140
62029935009990295879
39769365759731399721
03255807730378389834
80638541617362338471
21390426304322093324
25926099225014510807
32390071325601798488
79064015365324682555
87620985054453787480
21398081087185954165
30613814357635951036
32362209163892676194
37149589786913374661
96023942242311547462
76217015847485744155
20688209820522694752
79820594237911842316
68720737645505096969
20092103330179535448
94802057679852091553
07700333663851116198
07123918341802884094
53636265259409651391
69743464813627295033
04978652935942910106
22043052402444626557
52099505535834156421
40872021433037755200
57222935551006546909
91316883141960533282
56879398137940021577
16663781476106073718
77101176192951011535
09366014179589822801
35502889624303418755
60878850030492254142
80048016791426880266
47236560774640740906
91540297661424116474
98279499418289311800
64330056784908779568
06854397093864894847
41416190741544657065
53604360560932511491
94806933774670680277
36150330697758581398
00409692365004049826
19068053584074972824
96263998531574084721
23647123720547430640
91838951672449312317
51857558828754975216
19741684534457296243
57251373937289236289
31455224251524182120
59450519162572101994
51311483319245355616
57751967117928571555
27497545167020429109
64765122361731493436
88546859286223411245
46588886139837237541
86473926858698529960
26536851056297946737
93366546802171065376
63854161859562341287
51421426189438920088
04027169486728413346
38176943916850240851
56572886311781021976
96785881044094384137
91310043879170522177
82228326592736529827
83211557869200229925
19248628360868705643
57081881811450535572
35424373666761908951
81981403439744529679
93509251033108799089
90310346530867256084
40671258454911422113
46208976055297821097
03665513321342524603
45782961281605985106
00600665201460999585
39944090450039770089
57502224678350996440
50707773890067893856
96541866661505561753
20810778699295235034
20424378184722073269
20543094460071771402
16591156843537261563
98541200230945913811
41826916667409233643
55512202202975518999
47410749844893098665
49435318807403875509
60223050526855910700
48258735332146076933
35837119616593212621
74722075826999977110
92274142735861104294
87623707450476628645
18297954673562773410
70696736399972768546
87702690182658694663
82295241858493157758
01388717531738482318
29832373937669620738
36151891621425422861
42401433158901924429
81984242647404057234
36459681890595619967
46065225991291425782
36093256944070611002
45248738310268605889
46758228113069745115
60367994133036973702
48445269753794258573
33138225439933837641
82517980772732801993
53375973510479045541
53894826043624214961
21776680631140587256
19897972012845205751
88021954334556182626
28231341542605936284
42757983202674862067
96318314124085052799
38406473263018495816
66306738053044758538
21411939929602333540
37745530716747512119
51539918025203645951
15544720656246924833
75172718154917822534
47799188103028838775
97367107325514306129
36872200102985457751
23438059543822655056
11964779515698512506
59318372581529752251
82621691359307072120
38894660536226341568
47568184103295519312
67632699351168606531
88878651583837951231
34915841331075131734
54444453576609205536
95996007203881037242
82046101802993181610
56605812003149259649
91933837422362026070
45470713767515904218
36450940784892406167
69573333421103744562
30294386651313453857
02004273281464339854
96428870199951405169
02629182601393449708
81764473410262814318
19779471928214590335
27862300120624893682
20934314722696645176
35278090803593967967
71093932660672505087
50896253017730598987
18788982357417863905
42641290222179669572
78164757180661954664
81558231599786556940
01024958182688929417
68163873363501266108
66368508858246856842
95510520557264815083
74623089032267016520
41224773192857993467
14563155961520943588
73024425067759220288
81880495694285786995
10759850454394536780
78581154880105121876
23413257890808820149
93149214136288148584
19893963571544493170
03744037298404984512
26660207518430199728
85029877444492011783
45201097436840923264
27848479423347958897
64252276017519711419
23486634741833345760
76554003982256363043
32958761989634992799
99415941537084698435
35740465212037114025
71083503096223080701
69958208511214833729
06310129207703615899
05583655730504775004
17398987034408938748
53039355405802791257
43021157345587060324
34837984550604679978
67747689075061096220
11519681425189248277
89634754237002608616
90089916563775577909
87408439556830754869
66586830390806450413
72760066075023028497
09367810844414753228
98991837779143204877
34156480631012228791
78620309435178219827
09061844256459489179
86138391068705974517
69607143200176537689
97069227831415830138
83227776251415103774
33462617703486609255
07878346379207616115
88142835822852624892
34635464372283959026
14804338739352625455
99180583257151026123
62460021030737744458
65346793626962785361
99206201724352122042
30361814826696548154
67337553725036892206
78883562046448198567
03072664063001435364
82175694734221851649
49121372110990945200
93597409275480064516
95603868009593840570
21699779040852277409
97394902836329319112
87370370421717792992
27762552542516799635
66725237243249199472
38167118838279822672
39669749631755622611
22637669605439923708
41762798369103153409
22091062045377637300
75248831631203304875
06278050384744389183
75766621264264215352
58603017806997857505
87109302841702353793
38741068919706846438
50254083454641568325
28211478207410915224
43757647668436025370
59002203990887238466
93455236572290960653
29543833405438516864
62459692407435228488
57951147033562644321
17454055993437909552
48111678139396146995
48965565148832736573
18430731831299771579
96282214930513022266
47243312618923736451
66157907579978971379
95941603983267391311
97255763494413909949
79294150804706533912
70000982104622473108
24955055897774112623
74414461081198520493
89718580462574327050
49367439576642935950
74322049172515419807
48158251396093964923
69654326520080085194
84020278439038822541
49231319582983485388
21620670472192125306
71684756875772268455
22163274791621180113
78596046623450946374
51615592274406765345
81506189099548968178
36230071158534430692
34626000445603500260
95699702994887875539
95569610899719274759
67559909915857408245
26897385554360582130
14987977594081238823
45875841683803431661
25402255485286543768
10573527462915120695
38182500294059572541
88558293494089862091
03611342217557836457
71944975103803895661
21102645253347973115
71578753173120871893
85337370098420761701
21960020068504268024
51220227283439604598
38926147879203204098
86359734278672246863
15784629099558743473
05263961882761368657
87693141186605125839
10831933063328607126
11024991771137285426
65985354266740987958
79127607501046960587
98118408466513621753
15901547543884197450
95022018511068601700
90162044972131747975
63746321922908230413
65911226938613841258
75954032962467922005
40638595792461319449
11163323776022786396
95245964663836464474
68963886126107265355
96775183528350644043
43734020415186626353
63275148345526902379
96644349525034101821
91032350786354788798
60285645228815988745
12941034764881079404
51111605787209725893
98928804577835399378
81940279958039494277
37323008125870711744
24466249383608371210
52544150563133385229
73755586851186719596
39993091524741019019
97669853301455738619
66382045807069381100
04208568801412675135
94425068194564313327
00664304132303689104
72986806396298946876
39686126395456758412
51035938160119112102
09552496968921063318
03025978332754398343
81078628407398972695
89926970551860070013
07215454349707833891
90447581591392144566
33575000939198156676
91402883368552182449
24736880595046108538
72612853285709364179
85545392181472957603
83748354247955634126
03229190930528961353
48995703350218984173
72858924572765687807
38086468582924187818
73572969985234406183
76804730013463591661
23968453049643762550
96948458371426178229
24954908236002767783
18368711808774578960
98990385792931468928
47780143407359579688
01068053112680863701
89443165074606714141
48447085624568023575
06769498358893659741
93818343939236725779
39458181971948421496
42036046119118436298
25322178202651423905
13256331537130286213
71707388051135932650
79101610100723195673
83807002488896310774
71105271195645109818
11143708371568526546
08906361174769806127
95134663356806786817
60861489092697203930
13208519351727601978
41502728481998779422
97531321936255166859
45183544143972370746
28838570559622229164
61791663692750349407
57760524905035326102
36930913065097756629
24110277280064360317
91299290878379652703
77662678062768715647
40299280803609227733
58065117086838248895
44848161051634670339
49890036732874672267
78087493745501882663
59948341162997617707
15789825235478278250
42034458245059605208
69741002435585952780
94384591253412334864
14276416501304768417
54182236483450719930
76065472888937986573
07372092997163287142
44650185947865335136
17715845185947470456
54911419577793301981
07137413118690929743
56891284374661825689
93902776391604375176
96232370649499854675
14308498931930744673
60956817473371838782
90637123561835577887
57174825396804653376
64595691759536828054
02086457029614275072
95965857502866423837
87844453424321972933
30255547518196234563
33470136003868304277
08725437294893286009
06623504415713705747
05276378651503965422
35494108180198083411
61808625345071565160
81480911775866762130
40606559847180597213
92169468904278515884
67042185473530859892
29647605486892817702
92478205021356712095
97776080623496940500
80236400283153972499
32001416603431722557
17739113798689076252
74748049334910247204
46861118297674900727
37556757218583082609
96427441584942543563
78538511623345072924
18467867079464503292
92159467995963523938
02020669331751163613
58806752905050489663
10361375035872634696
73371827229692270547
76237323644571549440
69344694628183535393
19130596524649071831
55308598312035229130
56441010545484066887
99616103029594650384
69127963611313631071
69250731154113834239
86415926626703996793
75432739059865026313
15377181682158164397
58337689642441301079
35932334125971177900
43069863557632691224
70039502700879035434
91742271179336727150
26363277085536277763
63351352216830872256
84710750784899091019
56984827666287540735
32710621086170245785
55000817457683855070
84640403048514640863
97405026987918826375
19784133787998918436
53338916175048643098
97147470280228300293
25829537464124859679
40195700408134791060
32260400859663125267
28715804515500226318
60629719670776562233
82780051027748380253
23116880914013558344
82495432440500718738
12045587421746226398
26893989692167101033
68981433598790463769
91835808486950054577
73007683545786337387
14585549654683263665
54137856673418204911
83118243999056482043
37387665898933629383
59527834667987938740
28098379960922857956
19818184015350239334
07047560492113139374
40149198349515974687
00638166943356066224
30701314497397824165
65376499035951472125
04350929079084182299
76315337351151375951
50639282220246879011
44516088784095122205
88810654586831348953
83074420506279815811
19307455740293251226
72085952740116459642
06881968492840062780
05566107040233024781
66017488835297263320
58818896245066801423
41207272553598944681
36863337456816807281
22810400945092321564
79997054128648727474
67864003718525940349
29855371626161399233
46517007699339661303
19542525174469588547
36918619209592993011
06268642808166978414
62430179105909137627
60279369344510562011
82902017274713778507
83796433127005163150
59379247865308529266
22313990536837308493
07188488378845029741
75707159315741506322
75263053553978595034
72625773610070797881
26922979292376766155
41538242015856044070
87735040838038997093
42968382487118044892
90442355277847457276
86950461067594136747
18637587138239665135
15773054093856738197
57160154509491485691
84508791731171715712
50012092456346556166
20859388688968435098
73994279724445748774
37810307073105508776
10596047567591865072
42961330049554893572
52175457826628151067
61215601573594909725
63530153982125057852
08274006799410459447
18217379639295029507
72992590116770425466
54501303422919242186
16991574693377629791
66983488920050985518
02303311757890020259
86635845108390896196
10057191135541350197
52315810036715751315
06815824476047237491
95923339275657232248
67940799147150924336
82278030557783282434
12632917713201927695
50031447893811555881
81752607917566862627
00349451206694159174
44585917003270079439
68191506603061102627
20201006915882095734
74809735773695671200
70527572372955520052
76588318268059113315
97461041326859900470
34743814875987835856
64263166514011097737
72143258242446170766
25959721264798344305
35217406139553247275
16602663709461718639
96001320801936715640
16757662078465595793
83586896865524601972
98689070478437647310
21881727997005874922
84443131385875016163
74456700466778958877
05139790835680542248
08873687688485112598
29609628528174658166
43171855124047668070
09795781015288921733
15649600584253441395
94745372128399699998
89819506872629105479
34820572170816691953
15020077948063348987
45490870679265382857
26292726692913875088
10218639982090768678
62339748523300277821
70503594882216020580
53985721094547549994
77199895131392035217
26137090858451561893
47565722648689000364
12723613554171736583
35496241214553465954
04384681694806958532
87593821638828105953
97160048652454807126
55669936036425598547
98626832032277632301
15471117707881155009
47495186489955407520
04689978375551499841
47026450426020128341
49116887318889584911
62399986561333780829
48159777101532212029
42610233473149531722
99791982015109632894
41760522946803452469
49218280526120240448
59900236647818079975
56213044492200234387
43121382966776683855
32549157085393844313
13626153966724165451
66914162543663960935
23771506850511269728
53762115750904059568
14266120176940050010
67756792372156532270
82197701526822914114
20977120205969563674
39923413362097768247
21649298518777633083
83750564903653483426
85133522236026652653
57134585609282462734
12880773874381961310
45352040931974846895
76208794681930225179
53541594970332322911
61381703194260355544
16275805732264815538
20865648470916974824
51523618052602455671
70123225990052461071
16215341748618611403
40797760124770211600
88910920347764000567
10279964170734451016
69564825576050786071
10530991817326321936
02987027657295846962
37985374195028402601
21097210557843868684
13298798396441732877
90312332791305232546
28357475827405260530
72892581184970822442
62291367609495213490
05478227791940160764
66371247116107953734
52214426451723829460
25838596617792499231
11268479653347848425
77112049503714658265
36070284314888956056
88127054875600665325
48583551562311912081
06806640457944037932
55707511217906597438
67337136196421126276
54337452479251548537
10539702004588421745
72330179790935877845
15554606389460446103
16406497213595667820
70170049903637267392
48401098641314271844
92735471866761940236
18272958164593381608
74326595579375183001
91789183509448293222
54677523451699420313
32321157058118403437
50711529262271238615
93670498179076494020
05392671877954814519
15018237810952366250
10614971265630985399
42442390649165769978
03793675225500340419
36594570806251261754
46611162497728686564
26344563093803480490
08358600572269190568
04681136935397038321
22547155880478231156
94376623329903802583
04032342328219009604
52075874291612992202
83306463425681849743
86571417348315530720
75545752499297682215
32115712328526420892
73954469349882180039
03547105206467257060
31508711513140999065
86580544116427740593
30079991416423899330
04213774484058661265
80402465069056756385
00074840337917804523
89780743018973453069
91723189623037202239
32516277837103064954
19953436512364522783
65261150508892697549
02343897116654037602
04763480486491518897
33561354597730664954
15576503977616631453
08583044716533698835
08451371907006802269
52306351724830177029
05454100007636362058
68960072612835278977
59643957492056623515
31434875586627225630
42639800276428865445
88917832333952495698
66689735380915331626
73323214398934166954
64585127558513629560
05214201682513806831
99456806457836687772
57687859798289483923
91674772824442365852
95407278386450998363
01085393796814070905
33268403660509281796
82822057451814596424
49010611133252139632
13048573919729823625
90986889019541793323
25247319181145880266
36909075107651847367
47283436709371799188
58113983128713605743
48420790933154708319
66956315799596736590
49770724802310750858
09259969619317140154
19475949387205282525
08192990455036887114
90120205945694006976
37431115818132631974
18055667382825887707
47863462122973507110
86887027028115676745
55017636747896590395
66408125455873877011
45472327661109874180
52395359855822693791
18495659033179475403
43926836528270586085
94351323833385311513
14641287329767505727
29862584498634818896
35552756241885314788
62986013375349782905
06056004191840255105
56718956808517809861
53265032371195434817
60215374055377493252
66314576333296347994
33446056249121560129
63467438572118939114
67439698125302862939
76942077031094830718
51955057002114890370
34331473821979260773
92697151987386586320
49593200768495143333
20482747698359133571
08753565119354516440
77230699380810853498
89990946916263982886
18575971097691065649
43416163470456878835
10672373142203464680
38908012201753254478
91065082495851181540
56421323966195980729
38837627075509240262
98598937171691088621
14112328050970931410
54836883117104238007
35048225429358298262
54444963509488259111
65717953020827520933
02083992150321464103
16873885708829288251
63512587617999268335
07299331335901303834
74665742746367607571
09303317808189735424
27211786687675074110
59364619612999216743
25810250824711619317
59324690303759255904
28257815628341931729
24386778931570491646
96134680674650252752
81791873555600557699
58883559292497967881
62989074038675941025
84461281041599447869
35609300700703899745
14998659958394719357
48274642856281419657
22961384022934099581
93328860534682306353
39122218975288035511
16401215676607267450
06811688456670535214
12572530206080007145
03542517056405791263
27498789192617149099
66216057332790041405
97750720187895275023
42693270867178900440
06231832069014951650
60445220780454119406
32444748934725825674
66439043298533839200
65889033758347698790
20929246157533044536
36889675090140300335
07251873076084194655
88587378300069701372
33655623269372028541
98763847727076687079
05761544339882975962
57184945866685354736
33409720800104006407
77851749231781367311
10241011832194003577
75846638912331810584
26427077069225521794
54961506261616882526
41968601722202205877
82128631445095290629
12514011904577642465
89748707047715819782
69641514294411143816
91875926382484084234
14529117902485457752
64423940982332590661
63709273260882052319
28842972192861346843
70090616927342559609
08444123941292363578
30324558586237217383
42227127171935505474