98714213793983945598
83696032111469241778
41294956230392137674
11375151317372249614
56760609124495127665
36683562122777406949
99343702738252816537
89230447206076754874
36756382993444296053
71894000477871970644
56466062663362218902
48393442652547024056
45615114733737662480
01588255909455544083
63380032252114543296
43939278799610433504
07324586768875389223
60890240471610209894
87840145143564116461
41145003151179484316
39621818451443710068
99604916057156010612
47252318492574780335
71035114100688398928
24087219649867205724
14939155737311197477
87779533304837198238
55925012507683740026
41312978285116282151
20818989403584171223
43346893453017673693
55245996238723114238
88132680289888342764
87469737229441550190
07866183405862292910
78553799923744480584
70574276107771562844
49664133313726807109
84897183193948236268
42103865160882276655
06618414275305788082
07863926950943344754
79431588450995793636
72255410760258088212
70729733727395380913
39562664684324905195
98004021124038354837
50109636785359760868
08159295203734919474
39937411135244813729
78997307250767312704
98985708756025786554
74663592063330899633
16988346793674134876
74607188117736387357
13133813413270781093
73304949706566968723
43452746060376735288
37415144126842550538
50208098652645495125
92084682934180289006
36735260242246790133
66104767574746673863
62513688579223379280
65095656246295870762
31908543939803851435
42986781744348718718
92276015405118866249
54696010729989379292
94868377188763228834
81363668085017674637
79128190633046472050
99904581662367291917
91224927239956194455
19375775646135723663
44195581265757523442
48498326782650813301
98896073037430439328
16163896628534606718
36880296526922895686
33133525567632661000
19215487887286311639
17322623763694872377
00070753787004488658
51439992009215496797
87873535400586857586
32874755167905166741
32820657569405918431
99090027935821565064
50988578461049844943
81514286876761711864
52297299554108739716
71897189342170156265
87703188114088272905
87156978623601785570
00493033573711849679
23282889987595243226
58838355597552271335
21115243201513881569
73638269699993541875
49395778571669914640
22908062744790443724
70156772775818427681
26702101814371280590
77455427811472660745
94031784965196645280
73985507110230387987
29704489943731062218
70468176884440849993
77920219535813380567
88157818703798659236
63839324572896481508
46763091959938561761
59806995962772112548
22034181791103900345
89339240304629079457
81676237697351179381
19817119433086209493
46620628469365596530
15972310311724477023
68924748164991342263
43345211569769641345
99241073946481584973
43526915107646570919
93922693000924442745
53778294564083654713
38162473062063153764
91471190132208015607
51000197189554065560
02984240703190008533
02990039623617762849
17682601734674092499
48009725796435425884
50847499423629816153
86656548451738285825
17657530831522237390
42574811161851619071
46506074215270159379
13695724806744259348
56824102624881686188
38751890073639801305
99305153417186060987
82638532117886119551
25071837598470833339
26463576391561716819
36517330406573469923
28014171830439436199
79384296289081599999
79733759459778734800
26701249208228782192
97159007418933591074
89566710019744860695
38363249723988196154
09898289027013381352
11319188512050544552
82613461505395556211
69562727308376013782
77849013945470350811
25706278434507894057
44626685999275059786
70513467907442250987
99902095682637541115
98015581259210869550
75256972446288597861
22303949150982719566
71035089628283279405
11125644501710384812
73240016321396445980
81905336703019524901
05418286209775498040
04386564920391081275
68400537414166180110
41556440220002720986
44237130914151849933
38775223166816219800
70167829813091861523
85715777905642078228
41574494895494396522
02462908162885143188
06945357139994477023
27657858784586880439
87176140732022985996
54016171862581781452
83446621421310563833
29654892049076312890
57616977260151278948
69440257946213313691
38900616199754999845
59967538130096986361
69261223202929142294
96493621514601912839
62718194735214259276
48560095261180032763
41724307238645413940
41899213242671466302
84490725408463729042
69760992811655181913
55860228147368623929
64505424936868051786
28421817109239438913
30936675754409633130
84657872054188526348
49529713775051641529
30469983770021999537
74404667960742372201
37778641120881008505
87306984517230787681
64055038305250541526
30257973265285582788
82721633748127564699
36076169132088220638
79853811069645940759
13984750966014413698
82542553013305056362
15022155150399616927
04160397122128306485
87380110437542460480
29136464182449578960
69550187719043761105
38177335291604882212
37293628426280192211
90002609757755937156
85145307706705402439
58575087874861861101
57314133592159023461
74194813213974549698
47816502764271185620
74295134244267541357
04535706212476204542
08234189143149351096
92028307566022173859
31481108653826853565
01013761275901179760
36839219482973214365
02130760192388236742
82712979371361850945
55268560396218866323
01544645809848110679
22805301591980312355
88158696011356526697
63325372241721488015
55009710261796688591
29414667642423481832
63324053476669602336
81431984221529015940
72588794095245285677
74288552415790703536
26453456570447082279
55043132240416539762
99931779367597039926
93122048632736872752
71601633690090592500
61099217686403091786
11698636977587807119
87712786804542921696
36097067729474035568
50114581543857298153
58944327155343281975
96337054993325484769
24874839055853496216
32342327269051107981
15953745536913139451
86375534649777207081
99913918713452844862
25219834149106304673
26788070778000901090
58638327368257913068
26767888900636611855
76642882319232277136
14499239412748439815
01623582663762447039
93173757809527372590
26441497057616183116
45567365020375443090
88520971441371599998
51472756545390045533
34428224072391529461
78546311119498744460
45836807848182265468
71525589955799183962
39213437487570254480
47471284067077849560
92060591325995462577
85336400414732169152
97455080701145160136
51463892184633882789
43669027977838192399
03463634114714542101
80268463963954715537
00222640623262795382
60605302097088160580
10339483225218529089
30479839344543076516
60978875201401006025
06679905353725002628
10915769851729854702
31861598285742205692
70320549459198836274
57149735929888063838
45915946032313527004
84227518405443931851
20951140543462747291
98113756465627123296
60085847026897106777
26624636517162208033
42349427424471537207
14959589708814789621
79382797709247281867
19732289990339386793
98858642134373670998
17676181524539390326
15459936337901026036
33818010657356195226
78850835721726647190
47898727075464315206
56842797381557705201
94046201117762737646
93189731157085721720
14227101598452476134
63011730372820704079
63451830919502985240
94537734023094522532
67066263211900534036
20565489569971826375
75210957742434073473
16829158119972387139
35744141344066624174
12214944352319125889
85235799434100320772
29098290012583711503
33707337548049465216
95487532465118952132
95994726387442689558
74364535046953290351
24069835405641188617
29315381378891419295
24718978983248618015
77315913216130461173
70563017066803154618
67196664729432133747
10393982898182013989
00206155002466137489
01083321595942802644
51889327568764694983
43189151091358533433
83244448786589131227
46542436536719936896
59214085960374310125
47548863547261224704
99264766596543012353
97209114503085514872
02482403008025627757
74589906473626908511
60428190141102779712
28604336754661812524
36543779001592052476
35786792565597344599
38570167360298478248
09907490180761034902
33618263814592506968
51211763927576895528
50039233909455469410
59905423732229166499
29513605188690558895
68701420876398827724
02365549044168604051
39299032413468839554
29376787598155825040
06603026191687639971
30104162523477022146
84861383081932249493
62510677637108428805
75775591583380407417
74053427179393660219
04912420390052040504
79727556398791985987
07826828034493606140
32071641604531256592
55180846698842053432
04321747085002849576
58608957243687291904
33767881706913407362
16437309997427096555
58475421244839889849
44607918728577658663
41637487823810459370
55183302696585252479
23622713584760656495
94513689950392178447
56592158270005138948
20110023338065537564
03281224626331564124
50167085153217449906
52783764408572433432
85526126361040763978
54332171507237111207
07625660325894105815
37356541216781530390
38792456357265885420
26525759470784140216
76563684424900060275
16959083718817361907
26305370222177134986
00402405483846314259
08317653166093308458
95273174402499031914
09484823272618348988
20671655913860817196
73798889387146624728
01539119543509811109
66499566552021779218
13074208172072256027
58212355145277910149
00541698005126119718
47912247366727876568
17045192584840727376
18942957063405329424
75666412713822728692
18979634883028190950
18422023625431441371
89989595201594324033
58412732701499224058
93377302954339741963
04561976765392643120
62425501419728138327
75936803848560857553
75123835631961783475
06951221115588589016
05901900072798734222
32802073650402635676
54680782255028218354
00658922336591311226
98786511419942451860
05753686998898470115
59425242242267313785
78469772946303710939
17884069452052573821
03623268924549796352
75641767062036512860
87559904650479904397
19556193936662905165
96920066083146173918
41612605499658011087
46823670104483815098
74857563765598839251
53699243368460972337
64378360079914280585
61315810733702837642
26466573711440294233
75754453429186945322
78813782485643136625
58908201619148539306
36580728696867905474
82665117331834866494
88211146378434847479
43445172617344489416
88390459142634679249
31327004762362627949
88018789385263159199
81872900934283732253
26962535471313854031
17976635887244794096
66351426841477617957
98685766929194814577
85558937781691825088
43883605623474197598
56663566779923705325
52079759034633576262
58954483667418941723
16826439471321379082
84321858223076644286
04621390431138139477
34766581318254148596
38344954110418782766
15937739924755592238
55706365975620901896
52119079768120697126
49072684897645616266
36456191351248772922
95816550544121381918
63424896677429179114
88253076229414601127
33867554366368373769
51129540162599747727
90005500223414583135
76426140360175409080
56639030775375823582
49911544313751487151
56098889763765952972
78303919675319205187
72002853810367368337
33326994686979935381
56569495670199521456
86887026969419979741
37632265500154726266
73617994726448877775
87358707904006760682
43157889504600414916
84733706101904397819
80683161725322569633
03840773911343073234
80397178715195061950
36313116115608061135
62224940372109060948
90667348140848019893
80969081139867403973
75172361820927009349
11933702307738010207
73389695237824665508
11065399658055903715
84007558615091860558
37761519972311089166
32324219916119020755
56305506447946440068
66778764026417767063
69099250370774524239
02757676943265229898
69869110536125445062
03574533170470665385
33261916891322136879
06566039518137679526
23602674290804344443
78928144863643159350
52782611287434037389
37990057017461390705
11140724195513361072
19224752077520192933
91019853177432296958
69412215623418188944
20345475456142235340
45110359242528101851
89175620606235874187
79502494860020339572
64396914036944295065
06126626299300280168
79169840085071524287
01453315861519707661
45703860148436952508
26368758622752768605
31555032864514717763
18374172024957134487
77951048501198207154
38693342822323095528
57304721762319696832
74109242186966014520
10350917568849849232
10826820449440349336
59421542011332098326
55984265819183516453
47277091557381977931
65903310153550663520
06160437318265677369
66829351081009235626
91200164874512570406
72742934013942143718
70584337259946749975
45672487589970289331
86026671304740139898
63469518668341142672
38773387720239970391
61173670796439709336
64397925797220296662
43907448926908061834
68692088885275052099
74166060957802050029
26149071657340620036
78135850395580376601
51420393919644576066
45470908240087630410
94324199860174283435
70002158843934929536
68640161128079958692
05528068886086298711
33552744060969026997
90115058263442035399
57104002161620851312
55435280801371573464
28106218660310247151
27167578735098741980
81427116555830493437
80326305806422673797
00055022141204108892
26392537192070992793
83381977787515965300
56325797118975532828
44061730375318794314
74210779525990310201
19529976437766365063
58810034039506966580
17511908251034906635
50515015330094638234
31698488523046879270
90268215520442102113
13781662815166483322
27650947242063150040
43461652700996544646
17004147537698976828
86614041033287324715
92330266636147652356
39315282260355658477
62033610110185490497
81994643529995401792
05685222113206941362
75430767245651720276
37429712086446230975
31579863159539218643
99596546291754600119
34631162331711741764
72225206604379516812
93909762214252322891
13701193111072476734
13450478657576425593
68335929548856559937
45156268322716543322
10773012311893494585
94963204760320722282
83423364330326440534
63812619232300672743
39044329761695107049
96412289948675315903
93253833499631558913
39483104866950615608
75950359943514783415
32066181799802658721
78137911892502989765
99927391695861282764
00871744844052890886
58510658497414374562
84981397140493437864
62947490345896631177
12107907791389983878
89669487409293075461
21124531114066854977
81974397532600294580
91576186375235330373
57668706149416451086
58719473974431836333
15620296343517555162
61969384202309709424
09263571646858429122
42017484965399763036
81910251065299625434
64203421647617936152
64729146853475324095
65676736224193282619
02810772793025551113
44567217775805172119
81671889001813700384
91071370840735894546
63609522643775925874
66109134336901567647
23546219809910959527
96456762871159025884
84754589260051909712
30145210149721907931
60219639445876323138
83659855150196111445
38013574292819449319
93490171468849764376
62408632174772718706
41948716730521287484
17311892681635550199
85067206181207875688
99992519942910882311
07776098157657516855
60858633357342164526
10067688847454188607
26076359321615583283
54568663692366620776
98915123260871534741
46505567249535955100
32713482949459229924
12473257803840252559
21648695415398192192
94805302075621252819
07279412953860529322
48228076907600196604
70529172362180135846
01651240615464932223
42495817462921491626
18085960612387553088
41679000539038429359
01204053359559357305
08770119282604676437
15791359833934305609
73974763202204087843
35810463778833615028
69120487634088784449
38509226085881637877
93880267886118871425
52542317202391656878
09817970592179808848
44988505334209232959
52802343913552463605
16437575523912197810
62279008847456236413
53208496382572109196
48470900896504443562
46602523352350435832
42314565223368316393
36174301135457225561
56773831036212034542
85446706630025695454
63917379779176957464
71027551191713292617
85543322481505854994
43658375852706716731
82180357936403327368
35786855344911735205
94074786872351432572
12193632108503293336
33758274143531042134
51331666188619874427
61994826640186089727
00734580037398310792
56363200891635473006
08418863750570715465
45788267358456780380
45450174925339654670
49276904558663740947
53407643521593841156
05798446694944986959
05672849632429329803
04239142077211265917
71311391310115456489
93329684925531617844
48488489378213793540
79240701175504687311
29907291590450002913
61617772685360024596
27266577524582311561
51201218788477804466
03350013306685641767
95121340103639521814
25130358754227872807
13406511221184245120
89515916528334669748
62012563898327892035
82705984639146289353
32328817770344250441
66120173418564374313
16752110778056568172
55671501223214454696
28191017763777184250
21983079124447837000
72701068636109364353
47740628072538364496
86695863254458298522
66596177241160626801
71828865893236613348
40048188232869648079
96843901534133167736
87008862691035053458
90660998956281871946
56698527153755720151
73292356319858545309
26993756213789195346
91281983673586771965
72235715876197640872
86406367032006898723
71770663619898058753
55127024713943380709
81090309446140760263
76404163084598538123
83103061718768419561
87915591029050719680
13571099705547480480
80110216698692145109
54159449290522680567
85113030215098177225
54688220468497207261
97790236818908877049
42086461119927387597
18892710294629733825
45650827648088685824
23665013083634385129
27721020757358745371
54883061095976374880
54946245702787916307
24047814051920517050
07889356300484338244
60880266950870677610
93773816179047505395
97285275720238473599
19714454775576474507
44060508887405512615
26995525749952125313
85737434786363743323
55284118085963785892
01596178390860863893
98509358344324459518
83049022433283203460
44120055934659782343
87007324848243295294
32716613440405826852
06202102203232028019
26222683803425620350
12558557110425790074
07151880240535158165
79740556146131791711
80645007139490456318
12053298926036930249
77710600116781186307
23215062225776656378
13800881899666037807
95100255745457832978
00637645528988172207
89426585480655006444
36388100004976757786
25231201517527264212
24357299546668017893
34660887759500989147
25270145181099463725
93356140768843086560
83122686055460259438
94592763338239731524
18617904806513838596
42306057390249763210
82261932826883456490
84709311332428854862
89861359776253837610
24814087248980538481
21625938311951704689
62358761805131510646
21488483737158741392
79360033633773572487
31850107509376634998
33081028751525088167
81438046465409470065
99657845558223344154
87739206943191517128
09842730157940979886
68070564248592351531
78869586819218900213
97709347542309712023
13292020206129255094
06445531468891445138
90461811261395949747
95526384146620195613
84601788909872416606
97676120847679057985
45613537011329013516
82567440421864287725
74622783618812271583
74877398346225485738
51986039869932746840
52009044776061798853
31567623069059438810
02663339707335112932
78304495086905039093
63435189194446906299
22876977279629725133
80784589257608332494
29239521215574395578
92793392699191977050
91987557487704873248
82270790564974836443
87942335979434350776
76035403296751804823
63596943223471745462
80726515789580734956
80533249605924200869
52859906025381026678
49424711284443971646
00176661442721522374
19022981894140661222
96048453128809317759
79782876440738738218
30409874609633504349
33155488688836119763
75872040519265891101
31285193290514597004
97461984367736462689
80887212868449673406
27862578830654640611
39353936139407815194
29190374289635495198
92485854272307251597
81752369808780051449
45229823241124477974
78814854752332319311
61916056402123277592
45918417563449376237
75833809683406908502
39632954142096642385
32935265530844636789
17611591746753998127
95546921105105050325
38860477724219601111
75855260372528042080
47214177270082667361
63969433586956146738
60220091801579582454
08658546636009166223
97605872581788658123
99633719402943829431
38499270277248704417
04987904761446887860
84131375621817002304
98920494527591199217
66289268215035258978
51002995878576208248
73586279968399421639
82637438254935387125
90322097821532760954
85828051841528183403
55374504039149934385
00970560984991661310
16143435334076088836
66724416445911033902
46935199812956500297
41269488021392654535
08920758494035469618
37131600051969447053
25302129685897275869
76813318961199822283
82334014992681828373
21907357234126689688
57982630714764212768
33599873578006122366
59616615871101360448
84622460702359803226
16178810286048891754
78479075042707351150
74387175639483058025
84569889317104223420
32545565026136701428
23399196755436526030
54308933627926624870
98867073502242957951
00257956662169433566
30883737221564354734
77692255901376958159
91645700973207905076
23419148332669931930
66543398721311903533
30991011199216525290
54245977044983044114
96904463741932509183
38390554040127585315
37115366752745926000
01689604841826023418
54727623808241685660
82298907206969983831
45542074472551749728
93952863575029184171
60805595987635961375
35285515029295884797
28878935298464456049
96048306710986063961
23259897529740256001
68990629695855446259
18416963127528406531
03087265412046325935
18012219448888319788
98973559988182672529
53248363180135704426
01179832905319016408
94144720596341314424
21867475908902447782
71883360957350668145
52421751049928742545
32427986045443244826
41349907357048384721
49046051653579197291
95667071370514975375
93971014647949263546
00871276454093772320
66516334189882259149
27274579184507741018
22585501176662482257
52519017376879201485
18751604125139608372
62666327906218687283
20288681591857838686
18243602492333218571
76346592631554841173
18766173870262986105
21219118928990876832
34797890198628321995
73614906925282443928
07585135410271872106
42819539259696177404
60059733434224102044
00460169902956755943
28964888737954091617
98825551498271747438
48384410704887880179
50876815820799224834
90067849283435434849
03881156357196046764
63836779358584121953
07514657351320320325
50485090327180719000
04133837067004584578
65783005831535717164
33642434899507727688
35941922183945745354
31530002999988079386
42830786886463944663
