35550381011379275643
75873305660337127261
81399888388042562167
96660412004277772202
15309105637282396722
72973202771730812204
71325692702058611366
91704530324642984388
64140510709525948473
60653355447896142408
10543800543134769162
88893571339581564709
44213894735402506551
25122618577532572990
41362101261765303260
66710488220510230872
35537261592957675530
90788975962323354375
90249301645279707701
88643774833864003448
56086076352598218911
65690845177326133988
74271593608579224720
83301213736068121011
87744239911980772345
63026639538909841644
02974714652177048179
78608260454253815873
60990840620349014952
65999807648160958572
09338578166575418643
18558436013007027052
18826484344644090879
18886067175856314470
02756880600012215454
11309202996851926242
23817890249020080148
33114236571205663315
84277018716479162694
93036548901789397304
31823945505354045401
77308507393741431302
24356787266495109367
60188731059719653970
45424382938006784564
16495926854638573438
82793671187664470389
68685285029364486926
55523269329018771214
75714423504781345070
38905758385413190939
74317719203361008032
78524154850870075881
55256042899329775929
97972676614149725244
75108231302279636027
47436395777909790209
31924811175281037213
22163400002938449869
00569842119385166887
09929375695915668869
43795184754715657345
62388108593148556178
92763465787542188320
35728290366632531177
39964209812545887663
89557637118675217391
26452935366289045230
89032047455082530046
88009629465974014657
66094778741967438732
09841177296936799951
22192960232247580485
66328838833013953466
77911259947689185995
13983723022707682483
35894562062687617927
60225042199232898513
94177181717366000074
89881177088921059848
06794356140858224920
92578468291461909799
48989320812116134052
65856860799143357367
23369674140015929167
33640818306873010453
63325214493551034587
58003159110444842209
22566150187334019074
21264444035123130897
88778108922122543366
30396742352306619212
92090352735727897702
44866797836078604013
11372518754377296861
32367969416913951228
19670007940807359933
88648084600585175856
18287190370931586054
10165563640366575962
48875191262792048519
26869432824729930752
95024358531724889465
75493893128295925684
31144229710688223259
36181393958467123377
52142748266010626037
45264880068340545058
30162544113832399876
67307309877629569273
88791729457234203354
06437665231531072708
40118673813729013173
99406163719753034892
43620637396912538774
39348260823818785994
35863146906479771875
56512078691793710603
42039788691372307096
42529535280894553989
35275828773913208099
05641248872220326584
64513595814739331088
05138619266554004347
57674316241994590824
48931256509070101273
48540978483517416480
22787662378218260196
02109399115928380659
07798628046899251502
11766326402013507983
64686807258019679170
29839763466614947469
87007674206675738382
38290877172093793427
74829945938816744638
83134045104285302378
98325178420100688697
01189655719728881825
26626788975045857274
36772750507306737007
09249120925612961942
43600057868399042351
98107645970523664217
77730510931195833781
83761341238522510870
88160844695007403665
19267195655094345490
82664502517219751797
61227896993782527165
85811304926563163519
99433211949221788290
53756859868112593207
35474025782893681155
58905348199091597894
87052204489273522705
54388807030563149396
84122351056817560724
09014317026269111306
16923654118937926285
24450629316943305791
64925075756368775839
98478008793284143389
56404220641266520111
65588478548934760255
49835940871387911617
19183953492299278200
20033231125564225666
98061600170962761127
21594651735698040276
73375267732908305672
57233557113139438728
86052199872159874650
58245133059702310067
38075178973177245720
91779703952400876408
38801675753680012614
76415103952281147564
21519138272403113874
78130642047823851950
50799499263099262487
74324784919755264382
69269894277860235641
92360385348877402902
75837214589894900325
74156890649992452737
50441822499052447992
44849264962317784965
12288205960194682018
98450552233840922245
26332590449809518808
53663445570508782085
05020459755616090410
85484175308578245275
63107891944752992429
34965462150235124635
48580749776534426449
38727429509584008706
79432229410145853720
75767213263041435687
88478966084133013974
44646245973537799431
30849881483476023880
42253578438772834718
81653569933995386268
51831261314036320599
82863359363361676473
55096520064977946133
83352631874388535443
87662596081956332355
87535183615924465064
76037987152265673517
83467577924906989826
83801623479528959033
40744738504766990513
40734235357556602976
62963914662861420948
74666725231659581763
49322163458103622776
60934677699329828433
73822495685477802649
62881541750826462687
81896490247711163688
27821230248577824849
14967975398084217144
08140772470764898456
27670537680178806563
77080612623190261224
52681740819153471346
32283462134647956907
73562622867679286864
94167774649904494926
64288296169674602636
88974846024035117949
17539241347547763557
08611133632341260262
01358189572986087811
64340408356521891206
60137994400769474514
98961423639740206923
45661061966457121365
91177361388531722809
96885298730084916327
05583428323579639285
49010197837091686364
40860877788365583609
68190967266220353088
07192167928988511504
79908017752942216047
92774943305071337856
08220129895503230133
97713070860108628405
07723960685089688902
66761644700044561176
34733295946178094921
62621133196908359777
52074763685402682735
05106072120165017588
40688027317397153334
19472899448076989199
58206407338172936421
90028536130830784304
73333386773952042568
74361474694312200519
79109813927055102090
93741880723415880242
58307872644234082646
94811943203314926855
87559409157555494632
99052679120259420932
39443308516643535016
56612957304603010253
71247130632172701428
58437117748456139206
20196121416199406880
62275495567175819762
87874473110617689145
46928792381737218733
12070769594955842223
59622147615452260923
90631955310726554556
90917909982351448743
97309179460966325669
31611867948206660970
84455761563365919327
72177254775455887466
99268185332823149997
31997965501781557165
87078359907610781842
92190506126100062258
59659063168838296396
39871857442499696629
86613499143063075702
77199503425257049572
82650535821010710039
66103315332370484005
42400013917067011634
26880492639138667671
54447017500110764815
32006413787769052133
28561973438874725754
01568300555074723584
25440565892730952676
95366811463349239854
39779734539033188352
64314669203928831353
90503498906457590295
76505405214686629210
07678058763675095546
99711181563599998772
25122857300678999019
28354323014536633619
49179194225244311557
54066616391673805404
56883581749177299202
45673070011921759012
50726592364001118239
33192013525792651246
07512008656638288975
11852917262562346723
29987217971422509317
88320177069348534495
89903338980576807925
39725577576783957609
85105316569706224904
91455225630036852133
59103897401349496909
13279868458016980848
21001879534978595372
80585029454938374411
07112998129507237191
15276286107818154993
54857223632305915677
30284691632321955598
02077970065946578749
44133097873059752807
81635968594837318133
09571512077527812173
65992895949113063619
93707237764375419470
75059777359354209148
94802115491806516256
71770040457584117997
99622258461193546914
88302892615114878883
12427995420097350609
48468396731763768251
65638852055316866190
29526659522661968572
15688790813561787111
10916264020354853103
33943722631358963913
08868637114673502748
35959321102823940396
89516127554870615024
64763500660453060070
33094624601424648227
67819242615875407871
03616098593076377792
57481730963135131360
54203440789043438604
32479382271706585126
50566002798420327015
19922467699341926320
84221791226725101177
36793444070363405793
41916378567190009678
42399898074284888169
69772425921773765782
46784418241649575965
10002334286137853951
37990203660190999861
71469791014343911897
48672865694648668298
15009163466422626053
47033934150224242478
58776162861178202923
67120293542810961489
36639673223289328465
09195035272842275640
13042780834635592827
22162750851634718175
08378086981405512174
30830212762284941967
03275189675241195715
59423301360993034583
93710216762970195894
55526460766141732615
59833971534703317886
22441950890666352169
70454987276653702694
19396559580405985900
73690688957754320926
58250250439576410453
06555424896922582181
18116418233814520783
13711870131677941554
39892267793880666404
65036815728663321100
70871024879792768676
07743440941494754582
64082330934313260089
11056414193785010706
91487552136405677691
92603339675382054055
90741463271260796304
57076236661997064888
30587523289608465484
48284476639073243425
79855747197680888784
31852737207848705731
11296282116056118152
83250662602782478037
85156472574077657388
74228679717903722492
31545295289289583026
52718136904731859221
80480760628481502153
61827463510662899406
13455528157428491919
27434946096199208627
34592644199098074071
53739862484460367846
59141044177766969392
74752074195395859663
63627001468548214561
08025852017200767758
59814675037899335148
65211692605863815935
59126709104766181537
69786880066988232466
44568846254874330009
89234483623357898421
97769663224416161938
36244543267575697929
12515319585758378416
36049670924745558183
27879646788572802366
99823635625433049089
73751470289827194436
14351160668108869492
25910052891921797876
46677248576434421926
09383324368488573288
55156762020115347747
32350113362955451344
32211780502473381363
55504458169109122647
76639147055014073850
42164838941368208106
58365717119968153328
28769645319843425071
43051019153869127981
01563048391247724959
74780450910431135667
89994331931992872577
71154988540278423050
99666401838073543093
52848492033469544213
85738575325043973864
29641685349869766952
06783714533316887537
21794392449645286426
52638536254475680252
29083669493899094715
35911774307481282378
14665086498943517792
30533558029673972963
69902850031038718397
76119634323840774739
01982911109160589523
51357659833624491524
71107669310362702869
70854489707681064481
29081499813334920860
04461571253894110512
89970770814576054129
16529880959470486925
10565653892141695655
17831497942443874108
17352737548129412668
23835451437921718005
73446339968461805511
31834745437536196793
68716124905271723213
69705284771599268640
14657345999210571007
89090119162166199151
28701925352515918149
49534150135371979324
49190535165014295758
59168270389887501455
30072634099562499553
88503987029403713937
14411518024848213700
29459628416963706113
94636498090072779694
36386139218515904880
50510880746546025631
89316671646431106653
42581934691004089235
83493318544715777793
22411558604900238751
99216838439127694350
92604661006635894883
05591758319468431574
24812653147146224246
58586838953984899115
91414189182086007971
26432153764091510952
16845119579104277089
74665151857180515741
78611441852691522688
85393603400289055309
86769232469617408880
12070654420532266061
95251241730899895116
85176485265802265101
37061327383301407984
32152601902823438178
60578005750391392321
08217245061162918577
01920115351370727964
09213313075927472167
08480160361437359216
65589371979003580448
36948529964455175691
90157987146349563615
98790953778642646274
98407146981843999421
34312494660168465341
76410592683692491111
49486505200970529639
51094527995195899311
13468157963374166933
58037561065525517208
27988880397009188867
25352511935937748900
85440214364445589922
76751071505471559924
48603921438572330707
24056775394023564905
01154237479001585283
18636431665643531750
01516293155388583528
96626166085949989933
90519969111849787179
30902771874460013783
42823625114378644725
34311502458343571094
89939053032875070875
47501162514969603554
83116485947611006316
66976478037941031560
69406056760414834070
45564035173720579554
25274505432464155590
90045213663701874660
82267710185061377820
26013371912124628886
80877464669746522246
17499577192767588983
33870007379913228578
47112064956435417954
33036151047753363835
54559532165778175017
24247855873956271745
02088169020058492278
80446030844342116060
73945992566038945875
93704376470743429194
16281750012777407948
59196307747633265058
97514461814145706644
17970369387243676800
02015938030108120756
85350159949934951748
48970657888444593177
62637831893255399148
59227012804663379214
45326919729484569253
75426659130187505875
48881461007990756563
80046514806200167284
12637285929408625024
69423903544678822873
88218892880213690626
73796438678155920824
46201530223712657090
06142202023179745749
06423016837053227359
06343800384205673777
00739759560215336780
28227404989805503598
36082654470878441475
86657849779586558739
15253505849046007641
53433990861371090315
17102900720379950520
69234913514252973228
42343881297051262745
73406700478605966468
67417940106953880274
77426451342602464667
96231043239211703840
10842125042276472916
93014956120531389821
92310082889872975138
08025858458247414692
21899669548618967206
62647642931350800791
99834870676681288812
94808175413890794197
25212386153938795436
07362136493908011160
22318227957735340171
15051099137518026471
39846164728883192633
13243211565709062016
19392216448498808452
61418863402439092515
13623435477585146256
96719667180056277839
29294701009305254311
33217740101844237618
59358143362793566055
32623217031862786404
05930749337562836734
45500911277070779701
52306154604366684216
91735290808826190206
77840049692529630969
04365307035150395502
21394566859037315526
83462187815008633411
37897796939696510043
69739989042384165487
72236839388382671357
48273559362724423573
57717214454317880667
15057324448345656523
85636062856727550801
57106796482149717844
02815765552287597598
79183120139895220719
24099594437317918678
92032506678743383549
69624474127284567144
13624385535679844992
11971089363515231624
56082069479507709188
24513035118197507146
03823910981232698457
12610637778035073769
81318040856557512703
15443218754296351660
71372075019843369415
49157767663222812676
82334344698889721301
02425091169595991847
71412137345770466875
77359099618942233564
20269917905004785206
86727185539796530692
92787847806335738453
04242853338971159782
40110609372425162810
53649342115819468422
58571742090966261818
45937867360304374951
33407732512871582102
58440420635427980427
91358872203841099397
57943195108253420720
65586258129782490827
85948059341386900676
55262223475414193337
71829738319341317066
86828632594586866160
41920023102813729720
96186968083879343213
58911324024891517891
42226232624416394612
38979551810023946646
64042664629652522825
57995710276957359039
77314089032532275072
01373834179988458194
95650449011104403166
92452142307792420697
71503247658448032320
62559828374083711412
96880978930987645463
85768561879494241592
81837018887071359873
40763918025632340885
41542161239545742986
40473085207947789362
27410946449003336796
91725150331040689883
46684336257155159514
61357649412657799278
76359891017778307827
83970678527241598180
76647255138666321424
06245209653782839894
46012381412963953446
13205465146108278324
22956141118086554642
04952724718481121553
16352556650954237521
71170767529381821097
65034027554352606583
18626411346491344975
29950519031430133641
52655334872358147874
75970373123657908453
16126849772249275251
54232587933220968126
27824533699351197022
88866784951299448420
99050492917344051195
01901204534020294267
71731430886489102921
59426562618311050724
41952694719284229540
10879245681357610023
76567606839318391390
12167987829328267413
91713844518639399310
88700329899123652932
59513508026219925881
27504797938298167765
33387285430081935870
16504555508436143103
42253420668615366729
10342583535219039110
06822630446121947273
96335464148539213923
86861338902649807433
37760320790491784261
16730271562900784993
41353840477952435611
20913881441687255844
50468994401722439748
74872284528512580202
43079376103932084270
34658845088227277774
31848540691780458382
16494423120296101253
01347189816525193599
19102287189833175893
26182792613308905867
96460255598297212319
98338864049727548112
75298415485883849304
67021108261575263974
14001055913680332893
99335895241257525611
36805282054157028143
74731603168890205711
01619322643993972090
84754400782241489939
03638153268893912004
50949114986980535894
81450483046332620901
61505362451965141874
48626576199909887462
21512337245544548620
40711805265269249306
16870944349441533061
72906386032181314343
78237990228928078573
45233822006713589178
36443900019406033544
82629263936715210227
76528908613196404096
04727932340601037290
14497619930090246676
82261862849231744790
60753226091924415632
58303959507664084734
23385369195018070511
42291925199308033430
77682250697719692690
90866089268264126576
07336018109515249569
76365999069545362993
14002279920133904580
08761011336916099920
10627472577288840438
42964325466257847087
49706984020684288523
85656084186845452426
03159576153965302753
47019730473207326974
90557931537514742946
90220050539011939375
60295196643722203099
68931406159916513681
34524660446468463233
05727454548474072422
46040296848236523721
51302399482127880094
32077262926334480628
26985719593294669125
72773475252478249866
20624632797390407750
17065382747681249525
45920584785903886400
29129859848801227555
72710680555912967030
19828262449324889011
63994468931527905171
05459852810795177495
18080751689560835064
81918945914783659634
86781652140004845918
41721866989604722656
42002520175336737400
97685386370330885134
65749322953115527457
73837734475211665863
56203758358201447658
33320248464049146132
82653610810391762863
40712926626548483346
58217647873817713908
17322711120013979304
32664143156862062996
59548843265717775735
12786509051039106688
50739870282457210616
51852520156574261582
54895806296477333044
49446206988845053965
63087216092645231633
99671960841998839719
31039968979783278974
65634113564587368910
03217316366268121332
41340054003187401231
07771626460065117973
08306875551684822573
70831353464234736805
18651298368876393408
93884025779731719144
08449920317796461908
97596334180346873920
42501982339048620734
31313813006944925365
17851328994228674229
66608382616522670780
74504386952002162387
47752137279961138284
47681560646295095036
20375535195760267429
38667851616819119991
75682175578507845103
26632048510166240401
18711150133684761844
12151281760646827562
12324510440115238348
80802727458325149271
14489346208802046628
41151232516392928924
30042412358794310120
86948589474294036367
47769923291200224357
48478592108922945853
90606459262396149238
20447455434872262622
93003567598387145116
76024649161025937960
57414065092735143080
19793515642290711737
55298223795296794777
82023847798182998632
12183004141126523968
92229906752318355725
00908066342199406314
85087026665437646232
30909700708794934724
30906548050746485448
88627903582456563735
10153543751347802610
45756736370890914359
95366473986719033819
47302507909121839648
40906101348644781969
51463671179242090546
53043956012321207898
11144436300538804056
73196771980110865678
75878817581491172630
20076630757910019206
45371373193848124092
29939759440948538424
86604375824185677886
84934680509377799211
65862261734538437936
34587617525198786770
45811687182691851435
39634486993208853398
92643682496415482046
72363757580868853767
66502101993521271646
26251412313273766836
87950752774895400808
16798726579883381965
19850788132103479453
46113786369102834413
61764283590622200278
88190544181130712920
68649152216057656372
02187096310843878582
41066200573535324015
76453913049122699926
20959222542043297744
82206036612786125860
87615954109690077291
79860372905890529169
41509400011688480344
24541701919491112867
33342440432224052004
00743414771971455461
89544900403807532727
77372839992992680939
78921111497264352679
88786420807907621973
13411436431290548159
67802126714804535394
16004312489255837220
50801457500872677192
47282563599855401805
08941813839709647652
89380344478255608302
88002038176660255159
20105545899292967699
72364205582476431614
27184772905459716091
34643422599909682613
70179276471029385220
42843241369779352944
58780101087719075599
72515705063858353711
93576446013765802900
79172196243427468065
65655806190165766839
52931288265744076478
71515724715993038114
40156156517727144017
48216301446286740009
35398361616833758327
87201461387363667929
30968578106266077201
86970960666675179703
02457743018024273119
07592365257713771470
52126230412440353298
22953434674135172937
01638340450485467519
78812631142685059847
01307530810479045415
76730583347614484431
64214424068840341058
72545142847972087250
92019615933752748220
43329748804105359898
67444176813836161848
63519224789184779135
11359398828096672726
76387695148667599021
13787700252269966415
35493406237345192705
83282011871949404505
94844163739437402829
72011725213572472870
83195948106512113948
23267960760022821229
43345433481073084798
12922435560388743771
62794397741118741453
55642642494778187759
12455006184842780969
23922506861556601872
45610986040026735654
68456534432444119686
91133924448258929719
58456849150793756875
12495792292882089515
32831202932850465618
98797395996106486452
98662627193232360696
90453633423996441846
15326803550697588646
29258877603940229210
67204494335298168167
64533035354284570778
50284340239956020291
